-30,	36.0	0	NaNW	0.0	0.0	0.0	,40.0,	299	8.0	37.5	NaN mph/s	,-999,	0.0	16	>250
-29.48276,	36.0    	0	 NaNW	0.0	 0.0	0.0	    ,40.0,	 299	8.0	    37.5	NaN mph/s ,-999,	0.0	16	>250
-28.96552,	-59.5	-3460	-3306	0.0	,39.9,	555.1	-62.7	-2618	-62.7	41.8	-0.00	,-65.7,	infinity	5.0	>250
-28.44828,	-58.5	-3384	-3225	0.0	,39.7,	552.3	-61.6	-2568	-61.6	41.7	-0.01	,-64.7,	infinity	5.3	>250
-27.93104,	-57.3	-3297	-3143	0.0	,39.4,	549.1	-60.3	-2511	-60.3	41.6	-0.00	,-63.7,	infinity	5.7	>250
-27.4138,	-56.3	-3223	-3062	0.0	,39.2,	546.3	-59.2	-2462	-59.2	41.6	-0.01	,-62.7,	infinity	5.7	>250
-26.89656,	-55.2	-3137	-2981	0.0	,39.0,	543.0	-58.0	-2405	-58.0	41.5	-0.01	,-61.7,	infinity	6.3	>250
-26.37932,	-54.0	-3052	-2900	0.0	,38.8,	539.8	-56.7	-2348	-56.7	41.4	-0.00	,-60.6,	infinity	6.7	>250
-25.86208,	-53.0	-2980	-2820	0.0	,38.6,	537.0	-55.6	-2299	-55.6	41.3	-0.01	,-59.6,	infinity	7.0	>250
-25.34484,	-51.8	-2896	-2740	0.0	,38.3,	533.8	-54.4	-2243	-54.4	41.3	-0.01	,-58.5,	infinity	7.7	249
-24.8276,	-50.6	-2813	-2661	0.0	,38.1,	530.5	-53.1	-2186	-53.1	41.2	-0.00	,-57.4,	infinity	8.3	235
-24.31036,	-49.6	-2743	-2582	0.0	,37.9,	527.7	-52.0	-2138	-52.0	41.1	-0.02	,-56.4,	infinity	9.0	223
-23.79312,	-48.5	-2662	-2503	0.0	,37.7,	524.5	-50.7	-2082	-50.7	41.0	-0.01	,-55.3,	infinity	10.0	211
-23.27588,	-47.3	-2581	-2424	0.0	,37.4,	521.2	-49.5	-2027	-49.5	41.0	-0.01	,-54.1,	infinity	11	199
-22.75864,	-46.1	-2502	-2346	0.0	,37.2,	518.0	-48.2	-1971	-48.2	40.9	-0.01	,-53.0,	infinity	12	188
-22.5,	    -45.6	-2468	-2308	0.0	,37.1,	516.6	-47.7	-1947	-47.7	40.9	-0.01	,-52.5,	infinity	13	184
-22.2414,	-44.9	-2423	-2269	0.0	,37.0,	514.7	-46.9	-1916	-46.9	40.8	-0.01	,-51.8,	infinity	14	178
-21.72416,	-43.8	-2345	-2192	0.0	,36.7,	511.5	-45.7	-1860	-45.7	40.7	-0.00	,-50.6,	infinity	17	169
-21.20692,	-42.6	-2267	-2115	0.0	,36.5,	508.2	-44.4	-1805	-44.4	40.7	-0.00	,-49.5,	infinity	22	160
-20.68968,	-41.4	-2191	-2039	0.0	,36.3,	505.0	-43.1	-1751	-43.1	40.6	-0.00	,-48.3,	infinity	37	152
-20.17244,	-40.3	-2115	-1963	0.0	,36.0,	501.7	-41.9	-1696	-41.9	40.5	-0.00	,-47.1,	infinity	never	144
-19.6552,	-39.1	-2040	-1888	0.0	,35.8,	498.5	-40.6	-1641	-40.6	40.4	-0.00	,-45.9,	infinity	never	137
-19.13796,	-37.9	-1966	-1813	0.0	,35.6,	495.2	-39.3	-1587	-39.3	40.4	-0.00	,-44.6,	infinity	never	130
-18.62072,	-36.7	-1893	-1739	0.0	,35.3,	492.0	-38.1	-1533	-38.1	40.3	-0.00	,-43.4,	infinity	never	124
-18.10348,	-35.6	-1820	-1666	0.0	,35.1,	488.7	-36.8	-1479	-36.8	40.2	-0.01	,-42.1,	infinity	never	118
-17.58624,	-34.4	-1749	-1593	0.0	,34.9,	485.5	-35.5	-1426	-35.5	40.1	-0.01	,-40.9,	infinity	never	112
-17.069,	-33.2	-1678	-1520	0.0	,34.6,	482.2	-34.3	-1372	-34.3	40.1	-0.01	,-39.6,	infinity	never	107
-16.55176,	-32.0	-1608	-1448	0.0	,34.4,	479.0	-33.0	-1319	-33.0	40.0	-0.01	,-38.3,	infinity	never	102
-16.03452,	-30.7	-1528	-1377	0.0	,34.1,	475.3	-31.5	-1258	-31.5	39.9	-0.00	,-36.9,	infinity	never	97
-15.51728,	-29.5	-1460	-1306	0.0	,33.9,	472.0	-30.3	-1205	-30.3	39.8	-0.01	,-35.6,	infinity	never	93
-15,	    -28.4	-1392	-1236	0.0	 ,33.7,	468.8	-29.0	-1153	-29.0	39.7	-0.01	,-34.2,	infinity	never	88
-14.48276,	-27.2	-1326	-1166	0.0	 ,33.4,	465.5	-27.7	-1100	-27.7	39.7	-0.01	,-32.9,	infinity	never	85
-13.96552,	-25.9	-1250	-1098	0.0	 ,33.2,	461.8	-26.3	-1041	-26.3	39.6	-0.00	,-31.4,	infinity	never	81
-13.44828,	-24.7	-1185	-1030	0.0	 ,32.9,	458.6	-25.0	-988	-25.0	39.5	-0.01	,-30.0,	infinity	never	77
-12.93104,	-23.5	-1121	-962	0.0	 ,32.7,	455.3	-23.8	-937	-23.8	39.4	-0.01	,-28.6,	infinity	never	74
-12.4138,	-22.2	-1048	-896	0.0	 ,32.4,	451.6	-22.3	-878	-22.3	39.3	-0.00	,-27.1,	infinity	never	71
-11.89656,	-21.0	-986	-829	0.0	 ,32.2,	448.4	-21.0	-826	-21.0	39.3	-0.01	,-25.7,	infinity	never	68
-11.37932,	-19.7	-915	-764	0.0	 ,31.9,	444.6	-19.6	-768	-19.6	39.2	-0.00	,-24.0,	infinity	never	65
-10.86208,	-18.5	-854	-699	0.0	 ,31.7,	441.4	-18.3	-716	-18.3	39.1	-0.01	,-22.6,	infinity	never	63
-10.34484,	-17.1	-786	-636	0.0	 ,31.4,	437.7	-16.9	-658	-16.9	39.0	-0.00	,-20.9,	infinity	never	60
-9.8276,	    -16.0	-727	-572	0.0	 ,31.2,	434.4	-15.6	-608	-15.6	38.9	-0.01	,-19.5,	infinity	never	58
-9.31036,	-14.8	-668	-509	0.0	 ,31.0,	431.2	-14.3	-557	-14.3	38.9	-0.01	,-18.0,	infinity	never	56
-8.79312,	-13.5	-602	-448	0.0	 ,30.7,	427.5	-12.9	-500	-12.9	38.8	-0.01	,-16.3,	infinity	never	54
-8.27588,	-12.1	-538	-387	0.0	 ,30.4,	423.8	-11.4	-443	-11.4	38.7	-0.00	,-14.5,	infinity	never	53
-7.75864,	-10.9	-482	-327	0.0	 ,30.2,	420.5	-10.2	-393	-10.2	38.6	-0.01	,-13.0,	infinity	never	51
-7.5,	    -10.3	-451	-297	0.0	 ,30.1,	418.7	-9.5	-365	-9.5	38.6	-0.01	,-12.1,	infinity	never	51
-7.2414,	    -9.6	-419	-268	0.0	 ,29.9,	416.8	-8.7	-336	-8.7	38.5	-0.00	,-11.2,	infinity	never	50
-6.72416,	-8.4	-365	-209	0.0	 ,29.7,	413.6	-7.5	-287	-7.5	38.4	-0.01	,-9.7,	infinity	never	49
-6.20692,	-7.1	-305	-152	0.0	 ,29.4,	409.8	-6.0	-231	-6.0	38.4	-0.01	,-7.8,	infinity	never	48
-5.68968,	-5.9	-252	-94	    0.0	 ,29.2,	406.6	-4.7	-182	-4.7	38.3	-0.01	,-6.2,	infinity	never	47
-5.17244,	-4.6	-193	-38	    0.0	 ,28.9,	402.9	-3.3	-126	-3.3	38.2	-0.01	,-4.4,	infinity	never	46
-4.6552,	    -3.2	-136	16	    0.0	 ,28.7,	399.2	-1.8	-70	    -1.8	38.1	-0.00	,-2.5,	infinity	never	46
-4.13796,	-2.1	-86	    71	    0.0	 ,28.4,	395.9	-0.6	-22	    -0.6	38.0	-0.01	,-0.8,	infinity	never	46
-3.62072,	-0.8	-31	    122	    0.0	 ,28.1,	391.3	0.8	    32	    0.8	    37.9	-0.00	,1.1,	    899	        never	45
-3.10348,	0.4	    16	    171	    20.9 ,27.8,	386.6	2.1	    79	    2.1	    37.9	-0.01	,2.8,	    359	        never	45
-2.58624,	1.7	    68	    218	    51.8 ,27.4,	381.5	3.5	    131	    3.5	    37.8	-0.00	,4.8,	    213	        never	45
-2.069,	    2.9	    114	    265	    63.9 ,27.1,	376.9	4.8	    178	    4.7	    37.7	-0.00	,6.6,	    155	        never	45
-1.55176,	4.1	    159	    311	    70.6 ,26.7,	372.2	6.0	    225	    6.0	    37.6	-0.00	,8.4,	    120	        never	46
-1.03452,	5.3	    203	    356	    74.8 ,26.4,	367.6	7.3	    272	    7.2	    37.6	-0.01	,10.3,	98	        never	46
-0.51728,	6.5	    247	    400	    77.4 ,26.1,	363.0	8.7	    319	    8.5	    37.5	-0.01	,12.2,	82	        never	47
0,	        7.7	    290	    443	    79.2 ,25.7,	358.3	10.0	366	    9.8	    37.4	-0.01	,14.2,	71	        never	48
0.51724,	    9.0	    332	    484	    80.4 ,25.4,	353.7	11.3	413	    11.1	37.3	-0.00	,16.3,	62	        never	49
1.03448,    10.2	373	    525	    81.2 ,25.1,	349.0	12.7	460	    12.3	37.3	-0.00	,18.4,	54	        never	50
1.55172,	    11.5	414	    564	    81.6 ,24.7,	344.4	14.0	507	    13.6	37.2	-0.00	,20.5,	48	        never	51
2.06896,	    12.6	450	    604	    81.8 ,24.4,	340.2	15.3	550	    14.8	37.1	-0.01	,22.5,	44	        never	53
2.5862,	    13.9	489	    641	    81.9 ,24.1,	335.6	16.7	597	    16.1	37.0	-0.00	,24.8,	40	        never	55
3.10344,	    15.2	527	    677	    81.8 ,23.8,	330.9	18.1	644	    17.4	37.0	-0.00	,27.1,	36	        never	57
3.62068,	    16.4	561	    714	    81.7 ,23.5,	326.8	19.3	687	    18.6	36.9	-0.01	,29.3,	34	        never	59
4.13792,	    17.7	598	    748	    81.4 ,23.1,	322.1	20.8	734	    19.9	36.8	-0.00	,31.7,	31	        never	62
4.65516,	    18.4	595	    746	    81.0 ,22.2,	309.1	21.5	735	    20.0	36.8	-0.00	,33.1,	30	        never	63
5.1724,	    19.1	591	    743	    80.4 ,21.3,	296.1	22.2	735	    20.0	36.8	-0.00	,34.6,	28	        never	64
5.68964,	    19.8	587	    738	    79.8 ,20.3,	283.1	22.9	735	    20.0	36.8	-0.00	,36.2,	27	        never	66
6.20688,	    20.5	582	    733	    79.1 ,19.4,	270.6	23.7	735	    20.0	36.8	-0.00	,37.8,	26	        never	68
6.72412,	    21.3	576	    726	    78.3 ,18.5,	258.1	24.5	735	    20.0	36.8	-0.00	,39.7,	25	        never	70
7.24136,	    22.1	570	    721	    77.5 ,17.7,	246.5	25.3	735	    20.0	36.8	-0.00	,41.5,	23	        never	72
7.5,	        22.5	566	    717	    77.0 ,17.3,	240.4	25.8	735	    20.0	36.8	-0.00	,42.6,	23	        never	73
7.7586,	    22.9	563	    714	    76.6 ,16.9,	234.9	26.2	735	    20.0	36.8	-0.00	,43.6,	22	        never	75
8.27584,	    23.7	555	    706	    75.5 ,16.1,	223.7	27.1	735	    20.0	36.8	-0.00	,45.8,	21	        never	78
8.79308,	    24.5	547	    698	    74.4 ,15.3,	213.0	28.0	735	    20.0	36.8	-0.00	,48.0,	20	        never	81
9.31032,	    25.4	539	    690	    73.3 ,14.6,	202.8	28.8	735	    20.0	36.8	-0.00	,50.5,	19	        never	85
9.82756,	    26.2	530	    681	    72.1 ,13.9,	193.1	29.7	735	    20.0	36.8	-0.01	,53.0,	18	        never	89
10.3448,	    27.1	520	    670	    70.7 ,13.2,	183.3	30.7	735	    20.0	36.8	-0.00	,55.8,	17	        never	94
10.86204,	27.9	510	    661	    69.4 ,12.5,	174.5	31.6	735	    20.0	36.8	-0.00	,58.7,	16	        never	99
11.37928,	28.8	500	    650	    68.0 ,11.9,	165.7	32.5	735	    20.0	36.8	-0.00	,61.8,	16	        never	105
11.89652,	29.6	490	    641	    66.6 ,11.3,	157.8	33.4	735	    20.0	36.8	-0.01	,64.9,	15	        never	111
12.41376,	30.5	479	    629	    65.1 ,10.8,	149.9	34.3	735	    20.0	36.8	-0.00	,68.3,	14	        never	118
12.931,	    31.3	467	    618	    63.6 ,10.2,	142.5	35.2	735	    20.0	36.8	-0.00	,71.8,	13	        never	126
13.44824,	32.1	456	    607	    62.0 ,9.7,	135.5	36.1	735	    20.0	36.8	-0.01	,75.5,	13	        never	134
13.96548,	33.0	444	    594	    60.4 ,9.2,	128.6	37.0	735	    20.0	36.8	-0.00	,79.6,	12	        never	143
14.48272,	33.7	433	    584	    58.9 ,8.8,	122.5	37.8	735	    20.0	36.8	-0.01	,83.5,	11	        60	    152
15,	        34.5	421	    572	    57.3 ,8.4,	116.5	38.6	735	    20.0	36.8	-0.00	,87.9,	11	        39	    163
15.51724,	35.3	410	    561	    55.7 ,8.0,	110.9	39.4	735	    20.0	36.8	-0.01	,92.3,	10	        30	    174
16.03448,	35.7	385	    536	    53.8 ,7.4,	103.0	39.9	717	    19.5	36.8	-0.00	,96.8,	10	        27	    184
16.55172,	35.7	353	    503	    51.6 ,6.8,	94.2	39.9	683	    18.5	36.9	-0.00	,100.9,	9.9	        26	    189
17.06896,	35.7	323	    473	    49.5 ,6.2,	86.3	39.9	653	    17.7	36.9	-0.00	,105.3,	9.5	        25	    194
17.5862,	    35.8	299	    449	    47.6 ,5.7,	79.8	39.9	628	    17.0	37.0	-0.00	,109.5,	9.1	        24	    199
18.10344,	35.8	278	    429	    45.9 ,5.3,	74.3	39.9	607	    16.4	37.0	-0.01	,113.7,	8.8	        23	    204
18.62068,	35.7	259	    410	    44.2 ,5.0,	69.2	39.8	586	    15.8	37.1	-0.01	,118.1,	8.5	        23	    209
19.13792,	35.8	243	    394	    42.7 ,4.7,	65.0	39.8	570	    15.4	37.1	-0.01	,122.2,	8.2	        23	    213
19.65516,	35.8	228	    378	    41.1 ,4.4,	60.8	39.8	554	    14.9	37.1	-0.01	,127.0,	7.9	        22	    218
20.1724,	    35.8	216	    367	    39.8 ,4.1,	57.6	39.9	543	    14.6	37.1	-0.01	,131.3,	7.6	        22	    222
20.68964,	35.8	203	    354	    38.4 ,3.9,	54.3	39.8	530	    14.3	37.1	-0.01	,135.8,	7.4	        22	    226
21.20688,	35.8	193	    343	    37.2 ,3.7,	51.5	39.8	519	    14.0	37.2	-0.01	,140.3,	7.2	        21	    230
21.72412,	35.8	185	    335	    36.1 ,3.5,	49.2	39.9	511	    13.7	37.2	-0.01	,144.6,	6.9	        21	    234
22.24136,	35.8	176	    327	    35.0 ,3.4,	46.9	39.8	501	    13.5	37.2	-0.01	,148.9,	6.7	        21	    237
22.5,	    35.8	172	    323	    34.6 ,3.3,	46.0	39.8	498	    13.4	37.2	-0.02	,150.9,	6.7	        21	238
22.7586,	    35.8	169	    320	    34.1 ,3.2,	45.0	39.8	494	    13.3	37.2	-0.02	,152.9,	6.6	        21	    240
23.27584,	35.8	162	    313	    33.2 ,3.1,	43.2	39.8	487	    13.1	37.2	-0.03	,157.2,	6.4	        21	    243
23.79308,	35.8	155	    306	    32.3 ,3.0,	41.3	39.8	480	    12.9	37.2	-0.02	,161.9,	6.2	        20	    247
24.31032,	35.8	148	    298	    31.3 ,2.8,	39.5	39.8	473	    12.7	37.2	-0.00	,167.0,	6.0	        20	    >250
24.82756,	35.8	143	    293	    30.5 ,2.7,	38.1	39.9	468	    12.6	37.2	-0.01	,171.4,	5.9	        20	    >250
25.3448,	    35.8	138	    288	    29.7 ,2.6,	36.7	39.8	463	    12.4	37.3	-0.01	,175.7,	5.7	        20	    >250
25.86204,	35.8	134	    286	    29.2 ,2.6,	35.7	39.8	459	    12.3	37.3	-0.04	,178.9,	5.6	        20	    >250
26.37928,	35.8	129	    280	    28.4 ,2.5,	34.3	39.9	454	    12.2	37.3	-0.02	,184.2,	5.5	        20	    >250
26.89652,	35.9	125	    277	    27.8 ,2.4,	33.4	39.9	451	    12.1	37.3	-0.03	,187.9,	5.4	        20	    >250
27.41376,	35.9	122	    274	    27.3 ,2.3,	32.5	39.9	447	    12.0	37.3	-0.04	,191.7,	5.2	        20	    >250
27.931,	    35.8	117	    267	    26.4 ,2.2,	31.1	39.8	442	    11.8	37.3	-0.00	,197.7,	5.1	        19	    >250
28.44824,	35.9	115	    267	    26.1 ,2.2,	30.6	39.9	440	    11.8	37.3	-0.05	,200.2,	5.0	        19	    >250
28.96548,	35.9	112	    263	    25.5 ,2.1,	29.7	39.9	437	    11.7	37.3	-0.04	,204.8,	4.9	        19	    >250
29.48272,	35.9	108	    259	    24.9 ,2.1,	28.8	39.9	433	    11.6	37.3	-0.03	,209.7,	4.8	        19	    >250
29.99996,	35.9	105	    255	    24.3 ,2.0,	27.8	39.9	430	    11.5	37.3	-0.01	,214.9,	4.7	        19	    >250
